{
 "cells": [
  {
   "cell_type": "code",
   "execution_count": 1,
   "metadata": {},
   "outputs": [],
   "source": [
    "# 1. Generate a starting structure from a SMILES string using `protomol`\n",
    "from protomol import smiles\n",
    "\n",
    "smi = \"C[CH2]\"  # SMILES formula for propyl radical\n",
    "\n",
    "# Generate a geometry for the SMILES formula\n",
    "geo = smiles.geometry(smi)"
   ]
  },
  {
   "cell_type": "code",
   "execution_count": 2,
   "metadata": {},
   "outputs": [],
   "source": [
    "# 2. Optimize the structure with GFN2-xTB using `qcop`\n",
    "import qcio\n",
    "import qcop\n",
    "from protomol import qc\n",
    "\n",
    "struc = qc.struc.from_geometry(geo)\n",
    "prog_inp = qcio.ProgramInput(\n",
    "    structure=struc, calctype=\"optimization\", model={\"method\": \"gfn2\"}\n",
    ")\n",
    "prog_out = qcop.compute(\"crest\", prog_inp)\n",
    "\n",
    "equilibrium_structure = prog_out.results.final_structure"
   ]
  },
  {
   "cell_type": "code",
   "execution_count": null,
   "metadata": {},
   "outputs": [
    {
     "name": "stdout",
     "output_type": "stream",
     "text": [
      "Calculating energy for idx1=0, step1=1, idx2=0, step2=0\n",
      "Calculating energy for idx1=0, step1=-1, idx2=0, step2=0\n",
      "Calculating energy for idx1=0, step1=0, idx2=0, step2=0\n",
      "Calculating energy for idx1=1, step1=1, idx2=0, step2=0\n",
      "Calculating energy for idx1=1, step1=-1, idx2=0, step2=0\n",
      "Calculating energy for idx1=2, step1=1, idx2=0, step2=0\n",
      "Calculating energy for idx1=2, step1=-1, idx2=0, step2=0\n",
      "Calculating energy for idx1=3, step1=1, idx2=0, step2=0\n",
      "Calculating energy for idx1=3, step1=-1, idx2=0, step2=0\n",
      "Calculating energy for idx1=4, step1=1, idx2=0, step2=0\n",
      "Calculating energy for idx1=4, step1=-1, idx2=0, step2=0\n",
      "Calculating energy for idx1=5, step1=1, idx2=0, step2=0\n",
      "Calculating energy for idx1=5, step1=-1, idx2=0, step2=0\n",
      "Calculating energy for idx1=6, step1=1, idx2=0, step2=0\n",
      "Calculating energy for idx1=6, step1=-1, idx2=0, step2=0\n",
      "Calculating energy for idx1=7, step1=1, idx2=0, step2=0\n",
      "Calculating energy for idx1=7, step1=-1, idx2=0, step2=0\n",
      "Calculating energy for idx1=8, step1=1, idx2=0, step2=0\n",
      "Calculating energy for idx1=8, step1=-1, idx2=0, step2=0\n",
      "Calculating energy for idx1=9, step1=1, idx2=0, step2=0\n",
      "Calculating energy for idx1=9, step1=-1, idx2=0, step2=0\n",
      "Calculating energy for idx1=10, step1=1, idx2=0, step2=0\n",
      "Calculating energy for idx1=10, step1=-1, idx2=0, step2=0\n",
      "Calculating energy for idx1=11, step1=1, idx2=0, step2=0\n",
      "Calculating energy for idx1=11, step1=-1, idx2=0, step2=0\n",
      "Calculating energy for idx1=12, step1=1, idx2=0, step2=0\n",
      "Calculating energy for idx1=12, step1=-1, idx2=0, step2=0\n",
      "Calculating energy for idx1=13, step1=1, idx2=0, step2=0\n",
      "Calculating energy for idx1=13, step1=-1, idx2=0, step2=0\n",
      "Calculating energy for idx1=14, step1=1, idx2=0, step2=0\n",
      "Calculating energy for idx1=14, step1=-1, idx2=0, step2=0\n",
      "Calculating energy for idx1=15, step1=1, idx2=0, step2=0\n",
      "Calculating energy for idx1=15, step1=-1, idx2=0, step2=0\n",
      "Calculating energy for idx1=16, step1=1, idx2=0, step2=0\n",
      "Calculating energy for idx1=16, step1=-1, idx2=0, step2=0\n",
      "Calculating energy for idx1=17, step1=1, idx2=0, step2=0\n",
      "Calculating energy for idx1=17, step1=-1, idx2=0, step2=0\n",
      "Calculating energy for idx1=18, step1=1, idx2=0, step2=0\n",
      "Calculating energy for idx1=18, step1=-1, idx2=0, step2=0\n",
      "Calculating energy for idx1=19, step1=1, idx2=0, step2=0\n",
      "Calculating energy for idx1=19, step1=-1, idx2=0, step2=0\n",
      "Calculating energy for idx1=20, step1=1, idx2=0, step2=0\n",
      "Calculating energy for idx1=20, step1=-1, idx2=0, step2=0\n",
      "Calculating energy for idx1=1, step1=1, idx2=0, step2=1\n",
      "Calculating energy for idx1=1, step1=-1, idx2=0, step2=-1\n",
      "Calculating energy for idx1=2, step1=1, idx2=0, step2=1\n",
      "Calculating energy for idx1=2, step1=-1, idx2=0, step2=-1\n",
      "Calculating energy for idx1=2, step1=1, idx2=1, step2=1\n",
      "Calculating energy for idx1=2, step1=-1, idx2=1, step2=-1\n",
      "Calculating energy for idx1=3, step1=1, idx2=0, step2=1\n",
      "Calculating energy for idx1=3, step1=-1, idx2=0, step2=-1\n",
      "Calculating energy for idx1=3, step1=1, idx2=1, step2=1\n",
      "Calculating energy for idx1=3, step1=-1, idx2=1, step2=-1\n",
      "Calculating energy for idx1=3, step1=1, idx2=2, step2=1\n",
      "Calculating energy for idx1=3, step1=-1, idx2=2, step2=-1\n",
      "Calculating energy for idx1=4, step1=1, idx2=0, step2=1\n",
      "Calculating energy for idx1=4, step1=-1, idx2=0, step2=-1\n",
      "Calculating energy for idx1=4, step1=1, idx2=1, step2=1\n",
      "Calculating energy for idx1=4, step1=-1, idx2=1, step2=-1\n",
      "Calculating energy for idx1=4, step1=1, idx2=2, step2=1\n",
      "Calculating energy for idx1=4, step1=-1, idx2=2, step2=-1\n",
      "Calculating energy for idx1=4, step1=1, idx2=3, step2=1\n",
      "Calculating energy for idx1=4, step1=-1, idx2=3, step2=-1\n",
      "Calculating energy for idx1=5, step1=1, idx2=0, step2=1\n",
      "Calculating energy for idx1=5, step1=-1, idx2=0, step2=-1\n",
      "Calculating energy for idx1=5, step1=1, idx2=1, step2=1\n",
      "Calculating energy for idx1=5, step1=-1, idx2=1, step2=-1\n",
      "Calculating energy for idx1=5, step1=1, idx2=2, step2=1\n",
      "Calculating energy for idx1=5, step1=-1, idx2=2, step2=-1\n",
      "Calculating energy for idx1=5, step1=1, idx2=3, step2=1\n",
      "Calculating energy for idx1=5, step1=-1, idx2=3, step2=-1\n",
      "Calculating energy for idx1=5, step1=1, idx2=4, step2=1\n",
      "Calculating energy for idx1=5, step1=-1, idx2=4, step2=-1\n",
      "Calculating energy for idx1=6, step1=1, idx2=0, step2=1\n",
      "Calculating energy for idx1=6, step1=-1, idx2=0, step2=-1\n",
      "Calculating energy for idx1=6, step1=1, idx2=1, step2=1\n",
      "Calculating energy for idx1=6, step1=-1, idx2=1, step2=-1\n",
      "Calculating energy for idx1=6, step1=1, idx2=2, step2=1\n",
      "Calculating energy for idx1=6, step1=-1, idx2=2, step2=-1\n",
      "Calculating energy for idx1=6, step1=1, idx2=3, step2=1\n",
      "Calculating energy for idx1=6, step1=-1, idx2=3, step2=-1\n",
      "Calculating energy for idx1=6, step1=1, idx2=4, step2=1\n",
      "Calculating energy for idx1=6, step1=-1, idx2=4, step2=-1\n",
      "Calculating energy for idx1=6, step1=1, idx2=5, step2=1\n",
      "Calculating energy for idx1=6, step1=-1, idx2=5, step2=-1\n",
      "Calculating energy for idx1=7, step1=1, idx2=0, step2=1\n",
      "Calculating energy for idx1=7, step1=-1, idx2=0, step2=-1\n",
      "Calculating energy for idx1=7, step1=1, idx2=1, step2=1\n",
      "Calculating energy for idx1=7, step1=-1, idx2=1, step2=-1\n",
      "Calculating energy for idx1=7, step1=1, idx2=2, step2=1\n",
      "Calculating energy for idx1=7, step1=-1, idx2=2, step2=-1\n",
      "Calculating energy for idx1=7, step1=1, idx2=3, step2=1\n",
      "Calculating energy for idx1=7, step1=-1, idx2=3, step2=-1\n",
      "Calculating energy for idx1=7, step1=1, idx2=4, step2=1\n",
      "Calculating energy for idx1=7, step1=-1, idx2=4, step2=-1\n",
      "Calculating energy for idx1=7, step1=1, idx2=5, step2=1\n",
      "Calculating energy for idx1=7, step1=-1, idx2=5, step2=-1\n",
      "Calculating energy for idx1=7, step1=1, idx2=6, step2=1\n",
      "Calculating energy for idx1=7, step1=-1, idx2=6, step2=-1\n",
      "Calculating energy for idx1=8, step1=1, idx2=0, step2=1\n",
      "Calculating energy for idx1=8, step1=-1, idx2=0, step2=-1\n",
      "Calculating energy for idx1=8, step1=1, idx2=1, step2=1\n",
      "Calculating energy for idx1=8, step1=-1, idx2=1, step2=-1\n",
      "Calculating energy for idx1=8, step1=1, idx2=2, step2=1\n",
      "Calculating energy for idx1=8, step1=-1, idx2=2, step2=-1\n",
      "Calculating energy for idx1=8, step1=1, idx2=3, step2=1\n",
      "Calculating energy for idx1=8, step1=-1, idx2=3, step2=-1\n",
      "Calculating energy for idx1=8, step1=1, idx2=4, step2=1\n",
      "Calculating energy for idx1=8, step1=-1, idx2=4, step2=-1\n",
      "Calculating energy for idx1=8, step1=1, idx2=5, step2=1\n",
      "Calculating energy for idx1=8, step1=-1, idx2=5, step2=-1\n",
      "Calculating energy for idx1=8, step1=1, idx2=6, step2=1\n",
      "Calculating energy for idx1=8, step1=-1, idx2=6, step2=-1\n",
      "Calculating energy for idx1=8, step1=1, idx2=7, step2=1\n",
      "Calculating energy for idx1=8, step1=-1, idx2=7, step2=-1\n",
      "Calculating energy for idx1=9, step1=1, idx2=0, step2=1\n",
      "Calculating energy for idx1=9, step1=-1, idx2=0, step2=-1\n",
      "Calculating energy for idx1=9, step1=1, idx2=1, step2=1\n",
      "Calculating energy for idx1=9, step1=-1, idx2=1, step2=-1\n",
      "Calculating energy for idx1=9, step1=1, idx2=2, step2=1\n",
      "Calculating energy for idx1=9, step1=-1, idx2=2, step2=-1\n",
      "Calculating energy for idx1=9, step1=1, idx2=3, step2=1\n",
      "Calculating energy for idx1=9, step1=-1, idx2=3, step2=-1\n",
      "Calculating energy for idx1=9, step1=1, idx2=4, step2=1\n",
      "Calculating energy for idx1=9, step1=-1, idx2=4, step2=-1\n",
      "Calculating energy for idx1=9, step1=1, idx2=5, step2=1\n",
      "Calculating energy for idx1=9, step1=-1, idx2=5, step2=-1\n",
      "Calculating energy for idx1=9, step1=1, idx2=6, step2=1\n",
      "Calculating energy for idx1=9, step1=-1, idx2=6, step2=-1\n",
      "Calculating energy for idx1=9, step1=1, idx2=7, step2=1\n",
      "Calculating energy for idx1=9, step1=-1, idx2=7, step2=-1\n",
      "Calculating energy for idx1=9, step1=1, idx2=8, step2=1\n",
      "Calculating energy for idx1=9, step1=-1, idx2=8, step2=-1\n",
      "Calculating energy for idx1=10, step1=1, idx2=0, step2=1\n",
      "Calculating energy for idx1=10, step1=-1, idx2=0, step2=-1\n",
      "Calculating energy for idx1=10, step1=1, idx2=1, step2=1\n",
      "Calculating energy for idx1=10, step1=-1, idx2=1, step2=-1\n",
      "Calculating energy for idx1=10, step1=1, idx2=2, step2=1\n",
      "Calculating energy for idx1=10, step1=-1, idx2=2, step2=-1\n",
      "Calculating energy for idx1=10, step1=1, idx2=3, step2=1\n",
      "Calculating energy for idx1=10, step1=-1, idx2=3, step2=-1\n",
      "Calculating energy for idx1=10, step1=1, idx2=4, step2=1\n",
      "Calculating energy for idx1=10, step1=-1, idx2=4, step2=-1\n",
      "Calculating energy for idx1=10, step1=1, idx2=5, step2=1\n",
      "Calculating energy for idx1=10, step1=-1, idx2=5, step2=-1\n",
      "Calculating energy for idx1=10, step1=1, idx2=6, step2=1\n",
      "Calculating energy for idx1=10, step1=-1, idx2=6, step2=-1\n",
      "Calculating energy for idx1=10, step1=1, idx2=7, step2=1\n",
      "Calculating energy for idx1=10, step1=-1, idx2=7, step2=-1\n",
      "Calculating energy for idx1=10, step1=1, idx2=8, step2=1\n",
      "Calculating energy for idx1=10, step1=-1, idx2=8, step2=-1\n",
      "Calculating energy for idx1=10, step1=1, idx2=9, step2=1\n",
      "Calculating energy for idx1=10, step1=-1, idx2=9, step2=-1\n",
      "Calculating energy for idx1=11, step1=1, idx2=0, step2=1\n",
      "Calculating energy for idx1=11, step1=-1, idx2=0, step2=-1\n",
      "Calculating energy for idx1=11, step1=1, idx2=1, step2=1\n",
      "Calculating energy for idx1=11, step1=-1, idx2=1, step2=-1\n",
      "Calculating energy for idx1=11, step1=1, idx2=2, step2=1\n",
      "Calculating energy for idx1=11, step1=-1, idx2=2, step2=-1\n",
      "Calculating energy for idx1=11, step1=1, idx2=3, step2=1\n",
      "Calculating energy for idx1=11, step1=-1, idx2=3, step2=-1\n",
      "Calculating energy for idx1=11, step1=1, idx2=4, step2=1\n",
      "Calculating energy for idx1=11, step1=-1, idx2=4, step2=-1\n",
      "Calculating energy for idx1=11, step1=1, idx2=5, step2=1\n",
      "Calculating energy for idx1=11, step1=-1, idx2=5, step2=-1\n",
      "Calculating energy for idx1=11, step1=1, idx2=6, step2=1\n",
      "Calculating energy for idx1=11, step1=-1, idx2=6, step2=-1\n",
      "Calculating energy for idx1=11, step1=1, idx2=7, step2=1\n",
      "Calculating energy for idx1=11, step1=-1, idx2=7, step2=-1\n",
      "Calculating energy for idx1=11, step1=1, idx2=8, step2=1\n",
      "Calculating energy for idx1=11, step1=-1, idx2=8, step2=-1\n",
      "Calculating energy for idx1=11, step1=1, idx2=9, step2=1\n",
      "Calculating energy for idx1=11, step1=-1, idx2=9, step2=-1\n",
      "Calculating energy for idx1=11, step1=1, idx2=10, step2=1\n",
      "Calculating energy for idx1=11, step1=-1, idx2=10, step2=-1\n",
      "Calculating energy for idx1=12, step1=1, idx2=0, step2=1\n",
      "Calculating energy for idx1=12, step1=-1, idx2=0, step2=-1\n",
      "Calculating energy for idx1=12, step1=1, idx2=1, step2=1\n",
      "Calculating energy for idx1=12, step1=-1, idx2=1, step2=-1\n",
      "Calculating energy for idx1=12, step1=1, idx2=2, step2=1\n",
      "Calculating energy for idx1=12, step1=-1, idx2=2, step2=-1\n",
      "Calculating energy for idx1=12, step1=1, idx2=3, step2=1\n",
      "Calculating energy for idx1=12, step1=-1, idx2=3, step2=-1\n",
      "Calculating energy for idx1=12, step1=1, idx2=4, step2=1\n",
      "Calculating energy for idx1=12, step1=-1, idx2=4, step2=-1\n",
      "Calculating energy for idx1=12, step1=1, idx2=5, step2=1\n",
      "Calculating energy for idx1=12, step1=-1, idx2=5, step2=-1\n",
      "Calculating energy for idx1=12, step1=1, idx2=6, step2=1\n",
      "Calculating energy for idx1=12, step1=-1, idx2=6, step2=-1\n",
      "Calculating energy for idx1=12, step1=1, idx2=7, step2=1\n",
      "Calculating energy for idx1=12, step1=-1, idx2=7, step2=-1\n",
      "Calculating energy for idx1=12, step1=1, idx2=8, step2=1\n",
      "Calculating energy for idx1=12, step1=-1, idx2=8, step2=-1\n",
      "Calculating energy for idx1=12, step1=1, idx2=9, step2=1\n",
      "Calculating energy for idx1=12, step1=-1, idx2=9, step2=-1\n",
      "Calculating energy for idx1=12, step1=1, idx2=10, step2=1\n",
      "Calculating energy for idx1=12, step1=-1, idx2=10, step2=-1\n",
      "Calculating energy for idx1=12, step1=1, idx2=11, step2=1\n",
      "Calculating energy for idx1=12, step1=-1, idx2=11, step2=-1\n",
      "Calculating energy for idx1=13, step1=1, idx2=0, step2=1\n",
      "Calculating energy for idx1=13, step1=-1, idx2=0, step2=-1\n",
      "Calculating energy for idx1=13, step1=1, idx2=1, step2=1\n",
      "Calculating energy for idx1=13, step1=-1, idx2=1, step2=-1\n",
      "Calculating energy for idx1=13, step1=1, idx2=2, step2=1\n",
      "Calculating energy for idx1=13, step1=-1, idx2=2, step2=-1\n",
      "Calculating energy for idx1=13, step1=1, idx2=3, step2=1\n",
      "Calculating energy for idx1=13, step1=-1, idx2=3, step2=-1\n",
      "Calculating energy for idx1=13, step1=1, idx2=4, step2=1\n",
      "Calculating energy for idx1=13, step1=-1, idx2=4, step2=-1\n",
      "Calculating energy for idx1=13, step1=1, idx2=5, step2=1\n",
      "Calculating energy for idx1=13, step1=-1, idx2=5, step2=-1\n",
      "Calculating energy for idx1=13, step1=1, idx2=6, step2=1\n",
      "Calculating energy for idx1=13, step1=-1, idx2=6, step2=-1\n",
      "Calculating energy for idx1=13, step1=1, idx2=7, step2=1\n",
      "Calculating energy for idx1=13, step1=-1, idx2=7, step2=-1\n",
      "Calculating energy for idx1=13, step1=1, idx2=8, step2=1\n",
      "Calculating energy for idx1=13, step1=-1, idx2=8, step2=-1\n",
      "Calculating energy for idx1=13, step1=1, idx2=9, step2=1\n",
      "Calculating energy for idx1=13, step1=-1, idx2=9, step2=-1\n",
      "Calculating energy for idx1=13, step1=1, idx2=10, step2=1\n",
      "Calculating energy for idx1=13, step1=-1, idx2=10, step2=-1\n",
      "Calculating energy for idx1=13, step1=1, idx2=11, step2=1\n",
      "Calculating energy for idx1=13, step1=-1, idx2=11, step2=-1\n",
      "Calculating energy for idx1=13, step1=1, idx2=12, step2=1\n",
      "Calculating energy for idx1=13, step1=-1, idx2=12, step2=-1\n",
      "Calculating energy for idx1=14, step1=1, idx2=0, step2=1\n",
      "Calculating energy for idx1=14, step1=-1, idx2=0, step2=-1\n",
      "Calculating energy for idx1=14, step1=1, idx2=1, step2=1\n",
      "Calculating energy for idx1=14, step1=-1, idx2=1, step2=-1\n",
      "Calculating energy for idx1=14, step1=1, idx2=2, step2=1\n",
      "Calculating energy for idx1=14, step1=-1, idx2=2, step2=-1\n",
      "Calculating energy for idx1=14, step1=1, idx2=3, step2=1\n",
      "Calculating energy for idx1=14, step1=-1, idx2=3, step2=-1\n",
      "Calculating energy for idx1=14, step1=1, idx2=4, step2=1\n",
      "Calculating energy for idx1=14, step1=-1, idx2=4, step2=-1\n",
      "Calculating energy for idx1=14, step1=1, idx2=5, step2=1\n",
      "Calculating energy for idx1=14, step1=-1, idx2=5, step2=-1\n",
      "Calculating energy for idx1=14, step1=1, idx2=6, step2=1\n",
      "Calculating energy for idx1=14, step1=-1, idx2=6, step2=-1\n",
      "Calculating energy for idx1=14, step1=1, idx2=7, step2=1\n",
      "Calculating energy for idx1=14, step1=-1, idx2=7, step2=-1\n",
      "Calculating energy for idx1=14, step1=1, idx2=8, step2=1\n",
      "Calculating energy for idx1=14, step1=-1, idx2=8, step2=-1\n",
      "Calculating energy for idx1=14, step1=1, idx2=9, step2=1\n",
      "Calculating energy for idx1=14, step1=-1, idx2=9, step2=-1\n",
      "Calculating energy for idx1=14, step1=1, idx2=10, step2=1\n",
      "Calculating energy for idx1=14, step1=-1, idx2=10, step2=-1\n",
      "Calculating energy for idx1=14, step1=1, idx2=11, step2=1\n",
      "Calculating energy for idx1=14, step1=-1, idx2=11, step2=-1\n",
      "Calculating energy for idx1=14, step1=1, idx2=12, step2=1\n",
      "Calculating energy for idx1=14, step1=-1, idx2=12, step2=-1\n",
      "Calculating energy for idx1=14, step1=1, idx2=13, step2=1\n",
      "Calculating energy for idx1=14, step1=-1, idx2=13, step2=-1\n",
      "Calculating energy for idx1=15, step1=1, idx2=0, step2=1\n",
      "Calculating energy for idx1=15, step1=-1, idx2=0, step2=-1\n",
      "Calculating energy for idx1=15, step1=1, idx2=1, step2=1\n",
      "Calculating energy for idx1=15, step1=-1, idx2=1, step2=-1\n",
      "Calculating energy for idx1=15, step1=1, idx2=2, step2=1\n",
      "Calculating energy for idx1=15, step1=-1, idx2=2, step2=-1\n",
      "Calculating energy for idx1=15, step1=1, idx2=3, step2=1\n",
      "Calculating energy for idx1=15, step1=-1, idx2=3, step2=-1\n",
      "Calculating energy for idx1=15, step1=1, idx2=4, step2=1\n",
      "Calculating energy for idx1=15, step1=-1, idx2=4, step2=-1\n",
      "Calculating energy for idx1=15, step1=1, idx2=5, step2=1\n",
      "Calculating energy for idx1=15, step1=-1, idx2=5, step2=-1\n",
      "Calculating energy for idx1=15, step1=1, idx2=6, step2=1\n",
      "Calculating energy for idx1=15, step1=-1, idx2=6, step2=-1\n",
      "Calculating energy for idx1=15, step1=1, idx2=7, step2=1\n",
      "Calculating energy for idx1=15, step1=-1, idx2=7, step2=-1\n",
      "Calculating energy for idx1=15, step1=1, idx2=8, step2=1\n",
      "Calculating energy for idx1=15, step1=-1, idx2=8, step2=-1\n",
      "Calculating energy for idx1=15, step1=1, idx2=9, step2=1\n",
      "Calculating energy for idx1=15, step1=-1, idx2=9, step2=-1\n",
      "Calculating energy for idx1=15, step1=1, idx2=10, step2=1\n",
      "Calculating energy for idx1=15, step1=-1, idx2=10, step2=-1\n",
      "Calculating energy for idx1=15, step1=1, idx2=11, step2=1\n",
      "Calculating energy for idx1=15, step1=-1, idx2=11, step2=-1\n",
      "Calculating energy for idx1=15, step1=1, idx2=12, step2=1\n",
      "Calculating energy for idx1=15, step1=-1, idx2=12, step2=-1\n",
      "Calculating energy for idx1=15, step1=1, idx2=13, step2=1\n",
      "Calculating energy for idx1=15, step1=-1, idx2=13, step2=-1\n",
      "Calculating energy for idx1=15, step1=1, idx2=14, step2=1\n",
      "Calculating energy for idx1=15, step1=-1, idx2=14, step2=-1\n",
      "Calculating energy for idx1=16, step1=1, idx2=0, step2=1\n",
      "Calculating energy for idx1=16, step1=-1, idx2=0, step2=-1\n",
      "Calculating energy for idx1=16, step1=1, idx2=1, step2=1\n",
      "Calculating energy for idx1=16, step1=-1, idx2=1, step2=-1\n",
      "Calculating energy for idx1=16, step1=1, idx2=2, step2=1\n",
      "Calculating energy for idx1=16, step1=-1, idx2=2, step2=-1\n",
      "Calculating energy for idx1=16, step1=1, idx2=3, step2=1\n",
      "Calculating energy for idx1=16, step1=-1, idx2=3, step2=-1\n",
      "Calculating energy for idx1=16, step1=1, idx2=4, step2=1\n",
      "Calculating energy for idx1=16, step1=-1, idx2=4, step2=-1\n",
      "Calculating energy for idx1=16, step1=1, idx2=5, step2=1\n",
      "Calculating energy for idx1=16, step1=-1, idx2=5, step2=-1\n",
      "Calculating energy for idx1=16, step1=1, idx2=6, step2=1\n",
      "Calculating energy for idx1=16, step1=-1, idx2=6, step2=-1\n",
      "Calculating energy for idx1=16, step1=1, idx2=7, step2=1\n",
      "Calculating energy for idx1=16, step1=-1, idx2=7, step2=-1\n",
      "Calculating energy for idx1=16, step1=1, idx2=8, step2=1\n",
      "Calculating energy for idx1=16, step1=-1, idx2=8, step2=-1\n",
      "Calculating energy for idx1=16, step1=1, idx2=9, step2=1\n",
      "Calculating energy for idx1=16, step1=-1, idx2=9, step2=-1\n",
      "Calculating energy for idx1=16, step1=1, idx2=10, step2=1\n",
      "Calculating energy for idx1=16, step1=-1, idx2=10, step2=-1\n",
      "Calculating energy for idx1=16, step1=1, idx2=11, step2=1\n",
      "Calculating energy for idx1=16, step1=-1, idx2=11, step2=-1\n",
      "Calculating energy for idx1=16, step1=1, idx2=12, step2=1\n",
      "Calculating energy for idx1=16, step1=-1, idx2=12, step2=-1\n",
      "Calculating energy for idx1=16, step1=1, idx2=13, step2=1\n",
      "Calculating energy for idx1=16, step1=-1, idx2=13, step2=-1\n",
      "Calculating energy for idx1=16, step1=1, idx2=14, step2=1\n",
      "Calculating energy for idx1=16, step1=-1, idx2=14, step2=-1\n",
      "Calculating energy for idx1=16, step1=1, idx2=15, step2=1\n",
      "Calculating energy for idx1=16, step1=-1, idx2=15, step2=-1\n",
      "Calculating energy for idx1=17, step1=1, idx2=0, step2=1\n",
      "Calculating energy for idx1=17, step1=-1, idx2=0, step2=-1\n",
      "Calculating energy for idx1=17, step1=1, idx2=1, step2=1\n",
      "Calculating energy for idx1=17, step1=-1, idx2=1, step2=-1\n",
      "Calculating energy for idx1=17, step1=1, idx2=2, step2=1\n",
      "Calculating energy for idx1=17, step1=-1, idx2=2, step2=-1\n",
      "Calculating energy for idx1=17, step1=1, idx2=3, step2=1\n",
      "Calculating energy for idx1=17, step1=-1, idx2=3, step2=-1\n",
      "Calculating energy for idx1=17, step1=1, idx2=4, step2=1\n",
      "Calculating energy for idx1=17, step1=-1, idx2=4, step2=-1\n",
      "Calculating energy for idx1=17, step1=1, idx2=5, step2=1\n",
      "Calculating energy for idx1=17, step1=-1, idx2=5, step2=-1\n",
      "Calculating energy for idx1=17, step1=1, idx2=6, step2=1\n",
      "Calculating energy for idx1=17, step1=-1, idx2=6, step2=-1\n",
      "Calculating energy for idx1=17, step1=1, idx2=7, step2=1\n",
      "Calculating energy for idx1=17, step1=-1, idx2=7, step2=-1\n",
      "Calculating energy for idx1=17, step1=1, idx2=8, step2=1\n",
      "Calculating energy for idx1=17, step1=-1, idx2=8, step2=-1\n",
      "Calculating energy for idx1=17, step1=1, idx2=9, step2=1\n",
      "Calculating energy for idx1=17, step1=-1, idx2=9, step2=-1\n",
      "Calculating energy for idx1=17, step1=1, idx2=10, step2=1\n",
      "Calculating energy for idx1=17, step1=-1, idx2=10, step2=-1\n",
      "Calculating energy for idx1=17, step1=1, idx2=11, step2=1\n",
      "Calculating energy for idx1=17, step1=-1, idx2=11, step2=-1\n",
      "Calculating energy for idx1=17, step1=1, idx2=12, step2=1\n",
      "Calculating energy for idx1=17, step1=-1, idx2=12, step2=-1\n",
      "Calculating energy for idx1=17, step1=1, idx2=13, step2=1\n",
      "Calculating energy for idx1=17, step1=-1, idx2=13, step2=-1\n",
      "Calculating energy for idx1=17, step1=1, idx2=14, step2=1\n",
      "Calculating energy for idx1=17, step1=-1, idx2=14, step2=-1\n",
      "Calculating energy for idx1=17, step1=1, idx2=15, step2=1\n",
      "Calculating energy for idx1=17, step1=-1, idx2=15, step2=-1\n",
      "Calculating energy for idx1=17, step1=1, idx2=16, step2=1\n",
      "Calculating energy for idx1=17, step1=-1, idx2=16, step2=-1\n",
      "Calculating energy for idx1=18, step1=1, idx2=0, step2=1\n",
      "Calculating energy for idx1=18, step1=-1, idx2=0, step2=-1\n",
      "Calculating energy for idx1=18, step1=1, idx2=1, step2=1\n",
      "Calculating energy for idx1=18, step1=-1, idx2=1, step2=-1\n",
      "Calculating energy for idx1=18, step1=1, idx2=2, step2=1\n",
      "Calculating energy for idx1=18, step1=-1, idx2=2, step2=-1\n",
      "Calculating energy for idx1=18, step1=1, idx2=3, step2=1\n",
      "Calculating energy for idx1=18, step1=-1, idx2=3, step2=-1\n",
      "Calculating energy for idx1=18, step1=1, idx2=4, step2=1\n",
      "Calculating energy for idx1=18, step1=-1, idx2=4, step2=-1\n",
      "Calculating energy for idx1=18, step1=1, idx2=5, step2=1\n",
      "Calculating energy for idx1=18, step1=-1, idx2=5, step2=-1\n",
      "Calculating energy for idx1=18, step1=1, idx2=6, step2=1\n",
      "Calculating energy for idx1=18, step1=-1, idx2=6, step2=-1\n",
      "Calculating energy for idx1=18, step1=1, idx2=7, step2=1\n",
      "Calculating energy for idx1=18, step1=-1, idx2=7, step2=-1\n",
      "Calculating energy for idx1=18, step1=1, idx2=8, step2=1\n",
      "Calculating energy for idx1=18, step1=-1, idx2=8, step2=-1\n",
      "Calculating energy for idx1=18, step1=1, idx2=9, step2=1\n",
      "Calculating energy for idx1=18, step1=-1, idx2=9, step2=-1\n",
      "Calculating energy for idx1=18, step1=1, idx2=10, step2=1\n",
      "Calculating energy for idx1=18, step1=-1, idx2=10, step2=-1\n",
      "Calculating energy for idx1=18, step1=1, idx2=11, step2=1\n",
      "Calculating energy for idx1=18, step1=-1, idx2=11, step2=-1\n",
      "Calculating energy for idx1=18, step1=1, idx2=12, step2=1\n",
      "Calculating energy for idx1=18, step1=-1, idx2=12, step2=-1\n",
      "Calculating energy for idx1=18, step1=1, idx2=13, step2=1\n",
      "Calculating energy for idx1=18, step1=-1, idx2=13, step2=-1\n",
      "Calculating energy for idx1=18, step1=1, idx2=14, step2=1\n",
      "Calculating energy for idx1=18, step1=-1, idx2=14, step2=-1\n",
      "Calculating energy for idx1=18, step1=1, idx2=15, step2=1\n",
      "Calculating energy for idx1=18, step1=-1, idx2=15, step2=-1\n",
      "Calculating energy for idx1=18, step1=1, idx2=16, step2=1\n",
      "Calculating energy for idx1=18, step1=-1, idx2=16, step2=-1\n",
      "Calculating energy for idx1=18, step1=1, idx2=17, step2=1\n",
      "Calculating energy for idx1=18, step1=-1, idx2=17, step2=-1\n",
      "Calculating energy for idx1=19, step1=1, idx2=0, step2=1\n",
      "Calculating energy for idx1=19, step1=-1, idx2=0, step2=-1\n",
      "Calculating energy for idx1=19, step1=1, idx2=1, step2=1\n",
      "Calculating energy for idx1=19, step1=-1, idx2=1, step2=-1\n",
      "Calculating energy for idx1=19, step1=1, idx2=2, step2=1\n",
      "Calculating energy for idx1=19, step1=-1, idx2=2, step2=-1\n",
      "Calculating energy for idx1=19, step1=1, idx2=3, step2=1\n",
      "Calculating energy for idx1=19, step1=-1, idx2=3, step2=-1\n",
      "Calculating energy for idx1=19, step1=1, idx2=4, step2=1\n",
      "Calculating energy for idx1=19, step1=-1, idx2=4, step2=-1\n",
      "Calculating energy for idx1=19, step1=1, idx2=5, step2=1\n",
      "Calculating energy for idx1=19, step1=-1, idx2=5, step2=-1\n",
      "Calculating energy for idx1=19, step1=1, idx2=6, step2=1\n",
      "Calculating energy for idx1=19, step1=-1, idx2=6, step2=-1\n",
      "Calculating energy for idx1=19, step1=1, idx2=7, step2=1\n",
      "Calculating energy for idx1=19, step1=-1, idx2=7, step2=-1\n",
      "Calculating energy for idx1=19, step1=1, idx2=8, step2=1\n",
      "Calculating energy for idx1=19, step1=-1, idx2=8, step2=-1\n",
      "Calculating energy for idx1=19, step1=1, idx2=9, step2=1\n",
      "Calculating energy for idx1=19, step1=-1, idx2=9, step2=-1\n",
      "Calculating energy for idx1=19, step1=1, idx2=10, step2=1\n",
      "Calculating energy for idx1=19, step1=-1, idx2=10, step2=-1\n",
      "Calculating energy for idx1=19, step1=1, idx2=11, step2=1\n",
      "Calculating energy for idx1=19, step1=-1, idx2=11, step2=-1\n",
      "Calculating energy for idx1=19, step1=1, idx2=12, step2=1\n",
      "Calculating energy for idx1=19, step1=-1, idx2=12, step2=-1\n",
      "Calculating energy for idx1=19, step1=1, idx2=13, step2=1\n",
      "Calculating energy for idx1=19, step1=-1, idx2=13, step2=-1\n",
      "Calculating energy for idx1=19, step1=1, idx2=14, step2=1\n",
      "Calculating energy for idx1=19, step1=-1, idx2=14, step2=-1\n",
      "Calculating energy for idx1=19, step1=1, idx2=15, step2=1\n",
      "Calculating energy for idx1=19, step1=-1, idx2=15, step2=-1\n",
      "Calculating energy for idx1=19, step1=1, idx2=16, step2=1\n",
      "Calculating energy for idx1=19, step1=-1, idx2=16, step2=-1\n",
      "Calculating energy for idx1=19, step1=1, idx2=17, step2=1\n",
      "Calculating energy for idx1=19, step1=-1, idx2=17, step2=-1\n",
      "Calculating energy for idx1=19, step1=1, idx2=18, step2=1\n",
      "Calculating energy for idx1=19, step1=-1, idx2=18, step2=-1\n",
      "Calculating energy for idx1=20, step1=1, idx2=0, step2=1\n",
      "Calculating energy for idx1=20, step1=-1, idx2=0, step2=-1\n",
      "Calculating energy for idx1=20, step1=1, idx2=1, step2=1\n",
      "Calculating energy for idx1=20, step1=-1, idx2=1, step2=-1\n",
      "Calculating energy for idx1=20, step1=1, idx2=2, step2=1\n",
      "Calculating energy for idx1=20, step1=-1, idx2=2, step2=-1\n",
      "Calculating energy for idx1=20, step1=1, idx2=3, step2=1\n",
      "Calculating energy for idx1=20, step1=-1, idx2=3, step2=-1\n",
      "Calculating energy for idx1=20, step1=1, idx2=4, step2=1\n",
      "Calculating energy for idx1=20, step1=-1, idx2=4, step2=-1\n",
      "Calculating energy for idx1=20, step1=1, idx2=5, step2=1\n",
      "Calculating energy for idx1=20, step1=-1, idx2=5, step2=-1\n",
      "Calculating energy for idx1=20, step1=1, idx2=6, step2=1\n",
      "Calculating energy for idx1=20, step1=-1, idx2=6, step2=-1\n",
      "Calculating energy for idx1=20, step1=1, idx2=7, step2=1\n",
      "Calculating energy for idx1=20, step1=-1, idx2=7, step2=-1\n",
      "Calculating energy for idx1=20, step1=1, idx2=8, step2=1\n",
      "Calculating energy for idx1=20, step1=-1, idx2=8, step2=-1\n",
      "Calculating energy for idx1=20, step1=1, idx2=9, step2=1\n",
      "Calculating energy for idx1=20, step1=-1, idx2=9, step2=-1\n",
      "Calculating energy for idx1=20, step1=1, idx2=10, step2=1\n",
      "Calculating energy for idx1=20, step1=-1, idx2=10, step2=-1\n",
      "Calculating energy for idx1=20, step1=1, idx2=11, step2=1\n",
      "Calculating energy for idx1=20, step1=-1, idx2=11, step2=-1\n",
      "Calculating energy for idx1=20, step1=1, idx2=12, step2=1\n",
      "Calculating energy for idx1=20, step1=-1, idx2=12, step2=-1\n",
      "Calculating energy for idx1=20, step1=1, idx2=13, step2=1\n",
      "Calculating energy for idx1=20, step1=-1, idx2=13, step2=-1\n",
      "Calculating energy for idx1=20, step1=1, idx2=14, step2=1\n",
      "Calculating energy for idx1=20, step1=-1, idx2=14, step2=-1\n",
      "Calculating energy for idx1=20, step1=1, idx2=15, step2=1\n",
      "Calculating energy for idx1=20, step1=-1, idx2=15, step2=-1\n",
      "Calculating energy for idx1=20, step1=1, idx2=16, step2=1\n",
      "Calculating energy for idx1=20, step1=-1, idx2=16, step2=-1\n",
      "Calculating energy for idx1=20, step1=1, idx2=17, step2=1\n",
      "Calculating energy for idx1=20, step1=-1, idx2=17, step2=-1\n",
      "Calculating energy for idx1=20, step1=1, idx2=18, step2=1\n",
      "Calculating energy for idx1=20, step1=-1, idx2=18, step2=-1\n",
      "Calculating energy for idx1=20, step1=1, idx2=19, step2=1\n",
      "Calculating energy for idx1=20, step1=-1, idx2=19, step2=-1\n",
      "[[ 4.70754280e-01  2.27732888e-02 -1.23155946e-03 -2.51213685e-01\n",
      "   1.02465378e-02  1.37329002e-02 -6.50052278e-02  2.81206726e-02\n",
      "  -6.36400198e-02 -4.79284978e-02  2.32542328e-02  4.13986079e-02\n",
      "  -7.67911963e-02 -8.38667782e-02  7.55178835e-03 -1.55221415e-02\n",
      "  -1.56599089e-03  1.11998649e-03 -1.42935858e-02  1.03731477e-03\n",
      "   1.06503055e-03]\n",
      " [ 2.27732888e-02  5.12528877e-01 -1.27974488e-02 -2.14433054e-03\n",
      "  -6.86786437e-02  4.60424818e-03  3.42593146e-02 -8.53510419e-02\n",
      "   8.06574241e-02  3.13995308e-02 -1.07475931e-01 -9.42107918e-02\n",
      "  -8.34461587e-02 -2.50219752e-01  2.09614765e-02 -2.43296613e-02\n",
      "  -1.56340754e-04  2.24661740e-03  2.14879450e-02 -6.47234017e-04\n",
      "  -1.45337619e-03]\n",
      " [-1.23155946e-03 -1.27974488e-02  4.35234608e-01  1.33582116e-02\n",
      "   3.81956649e-03 -3.77889646e-02 -7.20298243e-02  8.06722302e-02\n",
      "  -1.83468391e-01  5.06353414e-02 -9.35300843e-02 -1.70086239e-01\n",
      "   7.77209248e-03  2.11379236e-02 -4.71728544e-02  3.83634614e-03\n",
      "  -2.35878623e-04 -2.09554113e-03 -2.34457513e-03  9.42068006e-04\n",
      "   5.37733616e-03]\n",
      " [-2.51213685e-01 -2.14433054e-03  1.33582116e-02  5.43732471e-01\n",
      "  -1.45925529e-02 -2.97716847e-02 -2.58808963e-02  9.38015290e-03\n",
      "  -6.14308796e-03 -2.38754623e-02  1.06520191e-02  9.77060569e-03\n",
      "  -1.89581103e-02 -3.97346501e-03  2.07196425e-03 -1.15287083e-01\n",
      "  -1.19351116e-01  2.24210195e-02 -1.08517293e-01  1.20046362e-01\n",
      "  -1.17156464e-02]\n",
      " [ 1.02465378e-02 -6.86786437e-02  3.81956649e-03 -1.45925529e-02\n",
      "   5.67241699e-01 -7.31931170e-02  1.59741916e-02 -4.04866149e-04\n",
      "   3.41399868e-04  1.76730736e-02 -1.09394342e-04 -1.72341377e-03\n",
      "  -2.92240985e-02 -8.35490788e-04  2.15292786e-03 -1.18699354e-01\n",
      "  -2.41645465e-01  3.84513840e-02  1.18639349e-01 -2.55567888e-01\n",
      "   3.01405543e-02]\n",
      " [ 1.37329002e-02  4.60424818e-03 -3.77889646e-02 -2.97716847e-02\n",
      "  -7.31931170e-02  5.65234753e-02 -1.86869766e-02  4.32772183e-04\n",
      "   4.56467486e-03  1.96721563e-02 -9.60508082e-04  1.56496423e-03\n",
      "   3.91915020e-03  5.28780006e-04 -9.64499947e-05  2.25046817e-02\n",
      "   3.90368942e-02 -1.54261211e-02 -1.13776583e-02  2.95402819e-02\n",
      "  -9.34168650e-03]\n",
      " [-6.50052278e-02  3.42593146e-02 -7.20298243e-02 -2.58808963e-02\n",
      "   1.59741916e-02 -1.86869766e-02  8.53658532e-02 -4.37918174e-02\n",
      "   7.89473106e-02  4.44656262e-03 -1.77071147e-03  4.39436153e-03\n",
      "   4.38854027e-03 -4.89872857e-03  8.48037082e-03  7.69555335e-04\n",
      "   4.98933375e-04  3.37310446e-04 -4.08439252e-03 -2.70830505e-04\n",
      "  -1.43989872e-03]\n",
      " [ 2.81206726e-02 -8.53510419e-02  8.06722302e-02  9.38015290e-03\n",
      "  -4.04866149e-04  4.32772183e-04 -4.37918174e-02  9.52432162e-02\n",
      "  -9.31552220e-02 -4.20120262e-03  6.60065961e-03 -1.47138849e-02\n",
      "   9.79016210e-03 -1.68644057e-02  2.63422976e-02 -3.29313998e-04\n",
      "   5.29151905e-04  1.28565212e-04  1.03121309e-03  2.47271466e-04\n",
      "   2.98207183e-04]\n",
      " [-6.36400198e-02  8.06574241e-02 -1.83468391e-01 -6.14308796e-03\n",
      "   3.41399868e-04  4.56467486e-03  7.89473106e-02 -9.31552220e-02\n",
      "   2.16313902e-01 -8.74644645e-03  9.60399614e-03 -3.22181223e-02\n",
      "  -1.22601907e-03  3.71446067e-03 -4.25285261e-03  1.88677625e-04\n",
      "  -1.26110891e-04  5.89219304e-04  6.22200815e-04 -1.03098795e-03\n",
      "  -1.52855986e-03]\n",
      " [-4.79284978e-02  3.13995308e-02  5.06353414e-02 -2.38754623e-02\n",
      "   1.76730736e-02  1.96721563e-02  4.44656262e-03 -4.20120262e-03\n",
      "  -8.74644645e-03  6.67479191e-02 -3.88675808e-02 -5.44206420e-02\n",
      "   3.41865004e-03 -6.44965386e-03 -8.14728782e-03  4.33253078e-04\n",
      "   3.16295150e-04 -4.86921863e-04 -3.24242979e-03  1.29135316e-04\n",
      "   1.49320034e-03]\n",
      " [ 2.32542328e-02 -1.07475931e-01 -9.35300843e-02  1.06520191e-02\n",
      "  -1.09394342e-04 -9.60508082e-04 -1.77071147e-03  6.60065961e-03\n",
      "   9.60399614e-03 -3.88675808e-02  1.22115296e-01  1.10898945e-01\n",
      "   6.27665617e-03 -2.14980261e-02 -2.51874627e-02 -3.26384502e-04\n",
      "   2.19920686e-04 -5.65274796e-04  7.80909311e-04  1.47449200e-04\n",
      "  -2.50316781e-04]\n",
      " [ 4.13986079e-02 -9.42107918e-02 -1.70086239e-01  9.77060569e-03\n",
      "  -1.72341377e-03  1.56496423e-03  4.39436153e-03 -1.47138849e-02\n",
      "  -3.22181223e-02 -5.44206420e-02  1.10898945e-01  2.01459705e-01\n",
      "  -5.73625911e-04 -7.81917926e-04  6.72293616e-04 -8.77912854e-05\n",
      "   1.21556489e-04  6.61602506e-04 -4.82649476e-04  4.18959338e-04\n",
      "  -2.05429846e-03]\n",
      " [-7.67911963e-02 -8.34461587e-02  7.77209248e-03 -1.89581103e-02\n",
      "  -2.92240985e-02  3.91915020e-03  4.38854027e-03  9.79016210e-03\n",
      "  -1.22601907e-03  3.41865004e-03  6.27665617e-03 -5.73625911e-04\n",
      "   9.31310898e-02  9.79113342e-02 -1.03834832e-02 -6.39314415e-03\n",
      "  -1.17822445e-04  4.24040394e-04  1.20410757e-03 -1.18602735e-03\n",
      "   6.70506850e-05]\n",
      " [-8.38667782e-02 -2.50219752e-01  2.11379236e-02 -3.97346501e-03\n",
      "  -8.35490788e-04  5.28780006e-04 -4.89872857e-03 -1.68644057e-02\n",
      "   3.71446067e-03 -6.44965386e-03 -2.14980261e-02 -7.81917926e-04\n",
      "   9.79113342e-02  2.86386406e-01 -2.42405767e-02  1.69286132e-04\n",
      "   1.39481081e-03 -1.67170278e-04  1.11233202e-03  1.63641662e-03\n",
      "  -1.97374632e-04]\n",
      " [ 7.55178835e-03  2.09614765e-02 -4.71728544e-02  2.07196425e-03\n",
      "   2.15292786e-03 -9.64499947e-05  8.48037082e-03  2.63422976e-02\n",
      "  -4.25285261e-03 -8.14728782e-03 -2.51874627e-02  6.72293616e-04\n",
      "  -1.03834832e-02 -2.42405767e-02  4.90124120e-02  6.88059352e-04\n",
      "   2.34899495e-04  2.49257635e-03 -2.62343889e-04 -2.69665144e-04\n",
      "  -6.55148753e-04]\n",
      " [-1.55221415e-02 -2.43296613e-02  3.83634614e-03 -1.15287083e-01\n",
      "  -1.18699354e-01  2.25046817e-02  7.69555335e-04 -3.29313998e-04\n",
      "   1.88677625e-04  4.33253078e-04 -3.26384502e-04 -8.77912854e-05\n",
      "  -6.39314415e-03  1.69286132e-04  6.88059352e-04  1.29711245e-01\n",
      "   1.32394215e-01 -2.53717587e-02  6.28826808e-03  1.11324817e-02\n",
      "  -1.75985672e-03]\n",
      " [-1.56599089e-03 -1.56340754e-04 -2.35878623e-04 -1.19351116e-01\n",
      "  -2.41645465e-01  3.90368942e-02  4.98933375e-04  5.29151905e-04\n",
      "  -1.26110891e-04  3.16295150e-04  2.19920686e-04  1.21556489e-04\n",
